compare = [7.05E+04 	1.35E+04	1.14E-13	9.31E+03	-1.35E+04	0; ...
1.35E+04		7.05E+04	9.31E+03	-1.14E-12	0 -1.35E+04; ...
2.27E-13	9.31E+03	1.41E+05	0	9.31E+03	1.14E-13; ...
9.31E+03		2.27E-13	-1.82E-12	1.41E+05	-1.14E-13	9.31E+03; ...
-1.35E+04		0	9.31E+03	2.27E-13	7.05E+04	1.35E+04; ...
0	-1.35E+04	-1.02E-12	9.31E+03	1.35E+04	7.05E+04]